{
 "cells": [
  {
   "cell_type": "markdown",
   "metadata": {},
   "source": [
    "**<span style=\"color:#A03;font-size:20pt\">\n",
    "&#x1f4dd; Quick Start\n",
    "</span>**\n",
    "\n",
    ">**<span style=\"color:#A03;font-size:12pt\">\n",
    ">Orthogonal Procrustes\n",
    "></span>**\n",
    ">\n",
    "> Given matrix $\\mathbf{A}_{m \\times n}$ and a reference matrix $\\mathbf{B}_{m\\times n}$, find the orthogonal transformation matrix $\\mathbf{Q}_{n\\times n}$ that makes $\\mathbf{AQ}$ as close as possible to $\\mathbf{B}$, i.e.,\n",
    ">\n",
    "\\begin{equation}\n",
    "    \\underbrace{\\min}_{\\left\\{\\mathbf{Q} | \\mathbf{Q}^{-1} = {\\mathbf{Q}}^\\dagger \\right\\}}\n",
    "                          \\|\\mathbf{A}\\mathbf{Q} - \\mathbf{B}\\|_{F}^2\n",
    "\\end{equation}\n",
    "\n",
    "\n",
    "The code block below gives an example of the orthogonal Procrustes problem for random matrices $\\mathbf{A}$ and $\\mathbf{B}$. Here, matrix $\\mathbf{B}$ is constructed by shifting an orthogonal transformation of matrix $\\mathbf{A}$, so the matrices can be perfectly matched. As is the case with all Procrustes flavours, the user can specify whether the matrices should be translated (so that both are centered at origin) and/or scaled (so that both are normalized to unity with respect to the Frobenius norm). In addition, the other optional arguments (not appearing in the code-block below) specify whether the zero columns (on the right-hand side) and rows (at the bottom) should be removed prior to transformation."
   ]
  },
  {
   "cell_type": "code",
   "execution_count": 16,
   "metadata": {},
   "outputs": [
    {
     "name": "stdout",
     "output_type": "stream",
     "text": [
      "Procrustes Error =  5.1088771238149865e-31\n",
      "\n",
      "Does the obtained transformation match variable t?  True\n",
      "Does AQ and B matrices match? True\n",
      "\n",
      "Transformation Matrix T = \n",
      "[[-0.15474419 -0.22653124  0.17961857 -0.45297187 -0.03876861 -0.82418497\n",
      "   0.08066983]\n",
      " [-0.51598953  0.67232583  0.50188885 -0.12372989  0.05940856  0.0916641\n",
      "   0.05098636]\n",
      " [ 0.42541541  0.14152272  0.44801187  0.2628601  -0.6500587  -0.16273016\n",
      "  -0.28306458]\n",
      " [-0.1186562   0.06269494 -0.2719706  -0.53476997 -0.18681166  0.1754644\n",
      "  -0.74589327]\n",
      " [ 0.02674407  0.5961016  -0.62320407  0.24538389 -0.08095161 -0.43424003\n",
      "   0.01528032]\n",
      " [-0.26393889 -0.16992388  0.14493471  0.54575824  0.42658337 -0.24912039\n",
      "  -0.58186741]\n",
      " [-0.66661271 -0.29747436 -0.17824905  0.25761937 -0.59073359  0.0665026\n",
      "   0.12492907]]\n",
      "\n",
      "Matrix A (after translation and scaling) = \n",
      "[[ 8.46514580e-03  1.24632360e-02  1.51724782e-01 -1.21844665e-01\n",
      "   1.50665274e-01  1.26182668e-01 -2.21479564e-01]\n",
      " [ 2.66819807e-01 -1.82822636e-01 -7.41584673e-02 -1.49500562e-01\n",
      "   1.18494781e-01 -1.02635722e-01 -1.74768890e-02]\n",
      " [-4.94494659e-02 -7.77160719e-02 -1.43466364e-01 -1.31794062e-01\n",
      "  -1.04229760e-01  1.00860394e-01  1.44256227e-01]\n",
      " [-1.11607066e-01  3.69383931e-02 -9.26607290e-02  6.41656830e-02\n",
      "   2.76054785e-02  1.11011449e-01 -1.15364048e-01]\n",
      " [-3.66640887e-02  1.46387842e-01  1.94879047e-01 -8.41719403e-02\n",
      "   3.34566470e-05 -1.48805111e-01  1.55268861e-01]\n",
      " [-1.30668239e-01 -1.07579289e-01 -8.85498824e-02  2.47843650e-01\n",
      "   8.03536078e-04  8.99673973e-02 -1.98690739e-01]\n",
      " [ 1.05827253e-01  1.71034737e-01 -7.50986817e-02 -1.02182817e-01\n",
      "   2.57905366e-02  8.84902316e-03  2.65016652e-02]\n",
      " [ 3.58599161e-02 -1.41260553e-01  1.23791433e-01  1.06446394e-01\n",
      "  -8.54600600e-02 -1.65821340e-01 -2.47425048e-02]\n",
      " [ 4.00217328e-02  8.74661748e-02 -3.65391778e-02  7.77644980e-03\n",
      "   2.58652024e-03  1.71335842e-01  1.14551015e-01]\n",
      " [-1.28604995e-01  5.50881673e-02  4.00780403e-02  1.63261869e-01\n",
      "  -1.36289762e-01 -1.90944601e-01  1.37175977e-01]]\n",
      "\n",
      "Matrix AQ = \n",
      "[[ 0.18962884  0.15455005  0.07275988  0.14844335  0.09701048 -0.16349255\n",
      "  -0.04953506]\n",
      " [ 0.08114567 -0.10995332 -0.12200163 -0.0692261   0.01187949 -0.27788014\n",
      "   0.2040536 ]\n",
      " [-0.12321346 -0.19179789 -0.02245635  0.13141523  0.08142825  0.06358064\n",
      "   0.08870477]\n",
      " [-0.00048105  0.07293641 -0.04102292  0.02495313  0.16803967  0.07439365\n",
      "  -0.1073362 ]\n",
      " [-0.04119681  0.10814553  0.12782089  0.05353066 -0.25604344  0.04453626\n",
      "   0.11810897]\n",
      " [ 0.11737663  0.00457561 -0.13658581 -0.08520472  0.16562407  0.11975602\n",
      "  -0.2529847 ]\n",
      " [-0.143764    0.07996993  0.07948045 -0.01620967  0.05999728 -0.08889344\n",
      "   0.11328872]\n",
      " [ 0.16534693 -0.09430917 -0.00431013 -0.14099292 -0.15934172  0.03280344\n",
      "  -0.02665905]\n",
      " [-0.18930599 -0.0165922   0.03540396  0.08093899  0.03115504 -0.05384577\n",
      "  -0.07311379]\n",
      " [-0.05553675 -0.00752494  0.01091165 -0.12764795 -0.19974913  0.24904187\n",
      "  -0.01452725]]\n",
      "\n",
      "Matrix B (after translation and scaling) = \n",
      "[[ 0.18962884  0.15455005  0.07275988  0.14844335  0.09701048 -0.16349255\n",
      "  -0.04953506]\n",
      " [ 0.08114567 -0.10995332 -0.12200163 -0.0692261   0.01187949 -0.27788014\n",
      "   0.2040536 ]\n",
      " [-0.12321346 -0.19179789 -0.02245635  0.13141523  0.08142825  0.06358064\n",
      "   0.08870477]\n",
      " [-0.00048105  0.07293641 -0.04102292  0.02495313  0.16803967  0.07439365\n",
      "  -0.1073362 ]\n",
      " [-0.04119681  0.10814553  0.12782089  0.05353066 -0.25604344  0.04453626\n",
      "   0.11810897]\n",
      " [ 0.11737663  0.00457561 -0.13658581 -0.08520472  0.16562407  0.11975602\n",
      "  -0.2529847 ]\n",
      " [-0.143764    0.07996993  0.07948045 -0.01620967  0.05999728 -0.08889344\n",
      "   0.11328872]\n",
      " [ 0.16534693 -0.09430917 -0.00431013 -0.14099292 -0.15934172  0.03280344\n",
      "  -0.02665905]\n",
      " [-0.18930599 -0.0165922   0.03540396  0.08093899  0.03115504 -0.05384577\n",
      "  -0.07311379]\n",
      " [-0.05553675 -0.00752494  0.01091165 -0.12764795 -0.19974913  0.24904187\n",
      "  -0.01452725]]\n"
     ]
    }
   ],
   "source": [
    "import numpy as np\n",
    "from scipy.stats import ortho_group\n",
    "from procrustes import orthogonal\n",
    "\n",
    "# random input 10x7 matrix A\n",
    "a = np.random.rand(10, 7)\n",
    "\n",
    "# random orthogonal 7x7 matrix T (acting as Q)\n",
    "t = ortho_group.rvs(7)\n",
    "\n",
    "# target matrix B (which is a shifted AT)\n",
    "b = np.dot(a, t) + np.random.rand(1, 7)\n",
    "\n",
    "# orthogonal Procrustes analysis with translation\n",
    "result = orthogonal(a, b, scale=True, translate=True)\n",
    "\n",
    "# compute transformed matrix A (i.e., A x Q)\n",
    "aq = np.dot(result.new_a, result.t)\n",
    "\n",
    "# display Procrustes results\n",
    "print(\"Procrustes Error = \", result.error)\n",
    "print(\"\\nDoes the obtained transformation match variable t? \", np.allclose(t, result.t))\n",
    "print(\"Does AQ and B matrices match?\", np.allclose(aq, result.new_b))\n",
    "\n",
    "print(\"Transformation Matrix T = \")\n",
    "print(result.t)\n",
    "print(\"\")\n",
    "print(\"Matrix A (after translation and scaling) = \")\n",
    "print(result.new_a)\n",
    "print(\"\")\n",
    "print(\"Matrix AQ = \")\n",
    "print(aq)\n",
    "print(\"\")\n",
    "print(\"Matrix B (after translation and scaling) = \")\n",
    "print(result.new_b)"
   ]
  }
 ],
 "metadata": {
  "kernelspec": {
   "display_name": "Python 3",
   "language": "python",
   "name": "python3"
  },
  "language_info": {
   "codemirror_mode": {
    "name": "ipython",
    "version": 3
   },
   "file_extension": ".py",
   "mimetype": "text/x-python",
   "name": "python",
   "nbconvert_exporter": "python",
   "pygments_lexer": "ipython3",
   "version": "3.6.8"
  },
  "toc": {
   "base_numbering": 1,
   "nav_menu": {},
   "number_sections": true,
   "sideBar": true,
   "skip_h1_title": false,
   "title_cell": "Table of Contents",
   "title_sidebar": "Contents",
   "toc_cell": false,
   "toc_position": {},
   "toc_section_display": true,
   "toc_window_display": false
  }
 },
 "nbformat": 4,
 "nbformat_minor": 5
}
